0 0 130
1 4 131
2 7 133
3 11 134
3 14 136
4 18 137
5 22 139
6 25 140
7 29 142
8 32 143
9 36 145
10 39 146
10 43 148
11 47 149
12 50 151
13 54 152
14 57 153
15 61 155
16 65 156
17 68 158
17 72 159
18 75 161
19 79 162
20 83 164
21 86 165
22 90 167
23 93 168
24 97 170
24 100 171
25 104 173
26 108 174
27 111 176
28 115 177
29 118 179
30 122 180
31 126 182
31 129 183
32 133 185
33 136 186
34 140 187
35 144 189
36 147 190
37 151 192
38 154 193
38 158 195
39 161 196
40 165 198
41 169 199
42 172 201
43 176 202
44 179 204
45 183 205
45 187 207
46 190 208
47 194 210
48 197 211
49 201 213
50 205 214
51 208 216
51 212 217
52 215 219
53 219 220
54 222 222
55 226 223
56 229 224
60 229 222
63 230 220
66 230 218
69 231 216
72 231 214
75 231 212
78 232 210
82 232 209
85 233 207
88 233 205
91 234 203
94 234 201
97 234 199
100 235 197
104 235 195
107 236 194
110 236 192
113 236 190
116 237 188
119 237 186
122 238 184
125 238 182
129 239 180
132 239 179
135 239 177
138 240 175
141 240 173
144 241 171
147 241 169
151 242 167
154 242 165
157 242 163
160 243 162
163 243 160
166 244 158
169 244 156
173 245 154
176 245 152
179 245 150
182 246 148
185 246 147
188 247 145
191 247 143
195 248 141
198 248 139
201 248 137
204 249 135
207 249 133
210 250 132
213 250 130
217 250 128
220 251 126
223 251 124
226 252 122
229 252 120
232 253 118
235 253 117
239 253 115
242 254 113
245 254 111
248 255 109
251 255 107
254 255 105
255 254 104
254 250 102
253 246 100
253 242 99
252 238 97
251 234 95
250 230 94
249 226 92
248 222 90
247 218 89
246 214 87
245 210 86
244 206 84
243 202 82
242 198 81
241 194 79
240 190 77
239 186 76
239 182 74
238 178 72
237 174 71
236 170 69
235 166 68
234 161 66
233 157 64
232 153 63
231 149 61
230 145 59
229 141 58
228 137 56
227 133 54
226 129 53
225 125 51
225 121 49
224 117 48
223 113 46
222 109 45
221 105 43
220 101 41
219 97 40
218 93 38
217 89 36
216 85 35
215 81 33
214 77 32
213 73 30
212 69 28
211 65 27
211 61 25
210 57 23
209 53 22
208 49 20
207 45 18
206 41 17
205 37 15
204 33 14
203 29 12
202 25 10
201 21 9
200 17 7
199 13 5
198 9 4
197 5 2
197 1 0
194 0 2
191 0 4
188 0 6
185 0 8
182 0 10
179 0 12
175 0 14
172 0 16
169 0 18
166 0 20
163 0 22
160 0 24
157 0 26
154 0 28
151 0 30
148 0 32
145 0 34
142 0 36
139 0 38
135 0 40
132 0 42
129 0 44
126 0 46
123 0 48
120 0 50
117 0 52
114 0 54
111 0 56
108 0 58
105 0 60
102 0 62
99 0 64
95 0 66
92 0 68
89 0 70
86 0 72
83 0 74
80 0 76
77 0 78
74 0 80
71 0 82
68 0 85
65 0 87
62 0 89
58 0 91
55 0 93
52 0 95
49 0 97
46 0 99
43 0 101
40 0 103
37 0 105
34 0 107
31 0 109
28 0 111
25 0 113
22 0 115
18 0 117
15 0 119
12 0 121
9 0 123
6 0 125
3 0 127
0 0 129